1509403115.2120 0.098651856184 -0.263674736023 9.83584403992
1509403115.2560 0.170633256435 -0.461872398853 10.7897853851
1509403115.2760 -0.200933635235 -0.551667153835 10.4501953125
1509403115.3000 0.574670791626 -0.15398606658 8.99015617371
1509403115.3240 -0.717283666134 0.346417456865 9.58949756622
1509403115.3441 -0.125086441636 0.354851365089 9.82418346405
1509403115.3680 0.0608055070043 -0.304730594158 9.85953044891
1509403115.3880 -0.375732153654 0.241860747337 9.8597946167
1509403115.4120 0.395835995674 -0.300103753805 9.8341255188
1509403115.4320 -0.384912967682 0.0744456127286 9.61025428772
1509403115.4555 0.758299708366 -0.189151540399 9.06114578247
1509403115.4795 -1.4353967905 -0.107873886824 9.68786144257
1509403115.5035 1.11211979389 0.136393070221 8.78331279755
1509403115.5275 -1.47381830215 0.105689719319 9.18602085114
1509403115.5474 -0.800092697144 0.597856998444 9.03522872925
1509403115.5714 -0.139444887638 -0.168044179678 8.6425075531
1509403115.5914 -0.0384272821248 -0.0786104872823 8.68647098541
1509403115.6114 0.759327113628 -0.153854325414 9.28217601776
1509403115.6354 -1.14275884628 0.103639625013 9.96977329254
1509403115.6554 -0.612047433853 0.0548877306283 10.5373802185
1509403115.6794 -0.354860126972 -0.342360198498 9.59442043304
1509403115.6994 -0.45642092824 0.294954568148 9.99513530731
1509403115.7194 -0.128383845091 -0.187412396073 9.76002979279
1509403115.7436 -0.649284482002 -0.314864546061 10.8861465454
1509403115.7636 -0.619050204754 -0.207053408027 10.4178171158
1509403115.7876 -0.084223434329 0.220462173223 9.81304073334
1509403115.8116 0.838090419769 -0.0521657392383 9.83068084717
1509403115.8350 -1.3628872633 0.244345352054 10.0843849182
1509403115.8590 0.678110361099 -0.385069459677 9.79102230072
1509403115.8790 0.0152821969241 0.0365551672876 9.25539493561
1509403115.9031 0.275189459324 -0.413171082735 9.86868286133
1509403115.9230 -0.104235522449 -0.570185542107 9.50318527222
1509403115.9472 0.399964809418 0.536953389645 9.41053199768
1509403115.9672 0.694218873978 0.0388416983187 9.30524158478
1509403115.9912 -0.720879197121 0.270509362221 9.47793865204
1509403116.0112 0.202971145511 0.551715135574 9.62517356873
1509403116.0349 -0.545094966888 -0.0541629977524 9.92419528961
1509403116.0589 -0.772114276886 0.0710360631347 10.3560771942
1509403116.0789 -0.859509408474 -0.54033446312 10.6515731812
1509403116.0989 0.188195973635 -0.336195379496 10.3160057068
1509403116.1189 1.06357049942 -0.267725348473 9.46404361725
1509403116.1431 -1.13815939426 -0.0752072259784 10.033914566
1509403116.1671 -0.587198853493 0.442837208509 9.47030067444
1509403116.1912 -0.0156732462347 -0.765208780766 10.2639198303
1509403116.2119 -0.900129020214 -0.42474296689 10.186466217
1509403116.2328 -0.081222333014 0.550116956234 9.55195808411
1509403116.2528 1.16888713837 0.583884954453 9.22853279114
1509403116.2727 0.510099947453 -0.31964674592 9.83184337616
1509403116.2967 0.346386432648 0.101477265358 9.55063343048
1509403116.3167 0.0495627075434 -0.0919707193971 10.3527202606
1509403116.3402 0.510019481182 0.00778219802305 9.85868740082
1509403116.3602 0.769320309162 0.0749247893691 9.53086471558
1509403116.3802 -0.0309909135103 -0.0933526828885 8.86871337891
1509403116.4042 0.428557574749 -0.257692784071 9.73749542236
1509403116.4281 -1.53593862057 0.0115705011413 8.9031457901
1509403116.4481 -0.960962295532 0.17044749856 9.87985229492
1509403116.4681 0.09818983078 -0.473434180021 10.720164299
1509403116.4921 -0.0373007506132 0.101069703698 9.66766834259
1509403116.5161 -0.607538700104 -0.219632640481 10.6436815262
1509403116.5411 0.570741295815 -0.28607404232 9.66616630554
1509403116.5651 -0.497370392084 0.598356664181 9.59328079224
1509403116.5891 -0.992902636528 -0.662119805813 10.156006813
1509403116.6091 -1.47450423241 -0.319545209408 10.2030410767
1509403116.6291 0.354246735573 0.12220878154 10.0637493134
1509403116.6536 -1.44061350822 -0.460131108761 10.2930574417
1509403116.6736 -0.615224599838 -0.527263581753 10.1600484848
1509403116.6976 -0.587865114212 0.305630296469 9.61838722229
1509403116.7176 -0.777290225029 0.462343543768 10.2578992844
1509403116.7418 -0.623162686825 -0.0528558567166 9.92238330841
1509403116.7618 -0.25615182519 0.400714635849 9.31169700623
1509403116.7818 0.461704015732 0.712060809135 9.78761291504
1509403116.8018 0.15629401803 -0.119489133358 10.3349962234
1509403116.8258 0.940392971039 0.284453362226 10.1349506378
1509403116.8447 1.10263264179 0.902655780315 9.23066711426
1509403116.8687 -0.377316176891 -0.36784952879 9.98696517944
1509403116.8887 0.154775619507 -0.528947889805 9.85586357117
1509403116.9127 0.354829519987 0.623832702637 10.4592657089
1509403116.9362 -1.29096984863 -0.130899757147 10.378868103
1509403116.9602 -0.354555219412 -0.820397257805 9.94679164886
1509403116.9802 -1.34909307957 -0.27683198452 10.5969190598
1509403117.0002 0.781771659851 0.504881381989 9.52026081085
1509403117.0202 1.2359610796 -0.390865415335 9.18001079559
1509403117.0438 0.632683992386 0.538831591606 10.1775217056
1509403117.0678 -1.79287159443 -0.523187696934 10.0257844925
1509403117.0878 0.24003611505 0.571810305119 9.75500106812
1509403117.1118 -1.00793731213 -0.0348428152502 9.91228580475
1509403117.1318 1.07351064682 0.55779415369 9.63034915924
1509403117.1558 -1.22041606903 0.0817443951964 10.8941144943
1509403117.1758 1.10087764263 0.0366198681295 10.7171640396
1509403117.1998 -0.511410176754 0.334037184715 10.4030046463
1509403117.2198 1.36917805672 -0.154257327318 10.3811759949
