1509403115.2120 0.0366826169193 -0.0537685602903 -0.201966121793
1509403115.2560 0.0459247268736 -0.0157892536372 -0.133509233594
1509403115.2760 0.0305653102696 -0.0436852164567 -0.164599850774
1509403115.3000 -0.0204146169126 -0.0447181239724 -0.174244388938
1509403115.3240 0.00261277821846 -0.0799313411117 -0.17428137362
1509403115.3441 0.000562600500416 -0.0616746395826 -0.144615858793
1509403115.3680 -0.0134876649827 -0.0576772391796 -0.190712839365
1509403115.3880 -0.00747003499418 -0.0527466200292 -0.200730741024
1509403115.4120 -0.00135500670876 -0.0147371804342 -0.123363479972
1509403115.4320 -0.0280967187136 -0.00478830188513 -0.130902007222
1509403115.4555 -0.094584658742 -0.0053506209515 -0.192873969674
1509403115.4795 -0.0426102653146 0.031945053488 -0.140657275915
1509403115.5035 -0.0996388345957 0.0258363671601 -0.150095403194
1509403115.5275 -0.0121148200706 0.0449701137841 -0.166277244687
1509403115.5474 -0.05851053074 0.0443148575723 -0.143340826035
1509403115.5714 -0.0680994167924 0.0432438887656 -0.14781986177
1509403115.5914 -0.0568837299943 0.0721317604184 -0.145488858223
1509403115.6114 -0.00806667283177 0.0873883590102 -0.124234311283
1509403115.6354 0.08071333915 0.0720500722528 -0.107436493039
1509403115.6554 0.115627467632 0.0414537638426 -0.0959717258811
1509403115.6794 0.12729729712 -0.0449693612754 -0.102309130132
1509403115.6994 0.0862857252359 -0.0841344371438 -0.119507730007
1509403115.7194 0.0824653357267 -0.103231303394 -0.102065891027
1509403115.7436 0.0829703584313 -0.0975140705705 -0.084048487246
1509403115.7636 0.0763626769185 -0.0792294442654 -0.115825310349
1509403115.7876 0.105712778866 -0.0235853008926 -0.0814657881856
1509403115.8116 0.0330269560218 0.010549435392 -0.0877545401454
1509403115.8350 0.0908029004931 0.0840241014957 -0.0804272443056
1509403115.8590 0.0473367460072 0.129519894719 -0.0773414894938
1509403115.8790 0.0458965860307 0.125611394644 -0.0943930894136
1509403115.9031 -0.00371687347069 0.166525050998 -0.00663096224889
1509403115.9230 -0.00106969370972 0.162574008107 -0.0285241734236
1509403115.9472 -0.00810660421848 0.175965473056 -0.0589687153697
1509403115.9672 -0.0141921490431 0.186306104064 -0.0076928823255
1509403115.9912 -0.0393038876355 0.194360792637 -0.0943143516779
1509403116.0112 -0.045713827014 0.207514390349 -0.0590388812125
1509403116.0349 -0.0562116801739 0.196667388082 -0.0619735568762
1509403116.0589 -0.0244596470147 0.190722450614 -0.00371606461704
1509403116.0789 -0.0278632566333 0.158892825246 -0.0232185609639
1509403116.0989 -0.0516183674335 0.114503055811 -0.0344522483647
1509403116.1189 -0.0391033627093 0.0571897365153 -0.0261156335473
1509403116.1431 -0.00218817684799 0.0172666031867 -0.00748756201938
1509403116.1671 -0.00734839215875 -0.0776459723711 -0.0615302324295
1509403116.1912 -0.0238842796534 -0.0805909708142 0.0191566683352
1509403116.2119 -0.0459671653807 -0.104166001081 -0.0387408547103
1509403116.2328 -0.0397805944085 -0.0947147533298 -0.0602097660303
1509403116.2528 -0.0450440347195 -0.0797036662698 0.0171702094376
1509403116.2727 -0.0374973528087 -0.0651545897126 0.0408753789961
1509403116.2967 -0.0909322276711 -0.0473532192409 -0.025637505576
1509403116.3167 -0.01155924052 -0.0333913862705 0.0199857857078
1509403116.3402 -0.0733975097537 -0.082523740828 -0.000663832761347
1509403116.3602 -0.0263185016811 -0.0976391583681 0.0102744651958
1509403116.3802 0.0246787052602 -0.150170519948 0.00238321791403
1509403116.4042 -0.029104007408 -0.183578044176 0.0124942623079
1509403116.4281 0.0207689385861 -0.165464743972 -0.010569841601
1509403116.4481 -0.0197134129703 -0.142834231257 0.0181564055383
1509403116.4681 -0.0125666158274 -0.107838258147 0.040333699435
1509403116.4921 0.00958071183413 -0.0598453842103 0.0154377380386
1509403116.5161 0.0137482434511 -0.0418262220919 0.0122171193361
1509403116.5411 0.0449739806354 -0.0245231762528 0.0695920363069
1509403116.5651 -0.0272232443094 -0.0680341348052 -0.0234006624669
1509403116.5891 0.0477513261139 -0.0455799810588 0.0708283931017
1509403116.6091 -0.0319024771452 -0.01763179712 0.00806716177613
1509403116.6291 -0.0678002461791 0.0480873174965 -0.0115549396724
1509403116.6536 0.0352314449847 0.131569206715 0.0597498044372
1509403116.6736 -0.0323753841221 0.148513615131 0.0180936846882
1509403116.6976 0.0644653439522 0.181971058249 0.0319401286542
1509403116.7176 0.0617706589401 0.218760386109 0.0276816990227
1509403116.7418 0.0369675271213 0.166365578771 -0.0109241092578
1509403116.7618 0.00722285779193 0.12502039969 -0.0232215579599
1509403116.7818 -0.00182726676576 0.106149315834 0.0222519300878
1509403116.8018 0.0399367772043 0.0834841653705 0.0812877938151
1509403116.8258 -0.0393790528178 0.0216719508171 -0.0482522286475
1509403116.8447 -0.0220905281603 -0.00779114756733 -0.00964180380106
1509403116.8687 -0.0939576774836 0.00666102673858 0.00267088389955
1509403116.8887 -0.0739809796214 0.0153700830415 -0.00164159736596
1509403116.9127 -0.0405220352113 0.02228388004 -0.00369717832655
1509403116.9362 -0.0147337364033 -0.00236975471489 -0.0934308543801
1509403116.9602 0.0681406185031 -0.0198982357979 0.051717877388
1509403116.9802 0.0271029714495 -0.0579266622663 -0.0344869717956
1509403117.0002 -0.0273858383298 -0.0780123919249 -0.00691160839051
1509403117.0202 0.0053013144061 -0.101608134806 0.0348677709699
1509403117.0438 -0.0461370050907 -0.0763997584581 -0.00275782612152
1509403117.0678 0.00370587408543 -0.0927511975169 -0.0891806334257
1509403117.0878 -0.0225886460394 -0.0778218209743 -0.0330184474587
1509403117.1118 -0.0130642158911 -0.0919450074434 -0.0581555105746
1509403117.1318 -0.0328395664692 -0.0547718368471 -0.0312182530761
1509403117.1558 -0.000540719891433 -0.0243260394782 -0.0392475537956
1509403117.1758 -0.0295036043972 -0.0175034403801 -0.00521608348936
1509403117.1998 0.00892520789057 -0.00782122369856 -0.0362223312259
1509403117.2198 0.0181580483913 0.00439733080566 0.0484776683152
1509403117.2449 0.00738570513204 -0.0546727441251 -0.0975374951959
