1509403115.255390 0.112227 0.002496 0.080127 0.999852 0.005709 -0.012592 0.010283
1509403115.288634 0.114107 0.002320 0.082312 0.999861 0.006215 -0.010866 0.011039
1509403115.322009 0.114988 0.002588 0.082746 0.999890 0.006574 -0.007076 0.011242
1509403115.355246 0.118211 0.002755 0.085264 0.999887 0.007897 -0.006383 0.011069
1509403115.388877 0.120490 0.003034 0.087339 0.999892 0.009155 -0.004414 0.010618
1509403115.421933 0.123097 0.003054 0.089349 0.999886 0.009969 -0.003399 0.010824
1509403115.455391 0.123571 0.003134 0.090978 0.999895 0.010318 -0.000097 0.010130
1509403115.488861 0.123755 0.003187 0.091010 0.999895 0.010340 -0.000190 0.010131
1509403115.522043 0.128458 0.002836 0.094915 0.999905 0.011011 0.002174 0.007983
1509403115.555584 0.127334 0.002982 0.094449 0.999903 0.011127 0.002806 0.007901
1509403115.588695 0.127980 0.002284 0.096257 0.999922 0.009612 0.004844 0.006379
1509403115.622184 0.131317 0.002789 0.097929 0.999932 0.008834 0.005505 0.005283
1509403115.656095 0.134650 0.002184 0.100064 0.999945 0.007648 0.005583 0.004420
1509403115.688744 0.136647 0.001993 0.101912 0.999951 0.005806 0.006728 0.004339
1509403115.722669 0.138995 0.001805 0.104101 0.999948 0.004936 0.006978 0.005633
1509403115.755411 0.140995 0.001614 0.105965 0.999928 0.004175 0.008375 0.007531
1509403115.788915 0.143312 0.001602 0.108183 0.999900 0.006245 0.008685 0.009303
1509403115.822265 0.145435 0.001268 0.110179 0.999875 0.007737 0.008841 0.010569
1509403115.855748 0.147257 0.001486 0.112102 0.999844 0.008976 0.010189 0.011265
1509403115.888930 0.149757 0.001198 0.114493 0.999835 0.009088 0.009897 0.012208
1509403115.922304 0.151138 0.001542 0.116033 0.999834 0.008122 0.009839 0.013044
1509403115.955575 0.152256 0.001279 0.117676 0.999839 0.005607 0.010696 0.013301
1509403115.988924 0.156108 0.000874 0.120106 0.999864 0.002167 0.008844 0.013719
1509403116.022260 0.158964 0.000418 0.122548 0.999868 -0.001312 0.008930 0.013518
1509403116.055605 0.160755 0.000084 0.124515 0.999862 -0.005050 0.008804 0.013137
1509403116.088977 0.162250 -0.000070 0.126278 0.999847 -0.008474 0.007564 0.013309
1509403116.122246 0.163799 -0.000249 0.128113 0.999812 -0.012346 0.007735 0.012776
1509403116.155293 0.165640 -0.000202 0.129919 0.999790 -0.014841 0.006909 0.012297
1509403116.188848 0.168466 -0.000789 0.132476 0.999758 -0.017363 0.006111 0.012048
1509403116.222275 0.172266 -0.001043 0.135226 0.999751 -0.018494 0.003698 0.011959
1509403116.255607 0.174260 -0.001020 0.137355 0.999779 -0.017344 0.003618 0.011340
1509403116.288885 0.176578 -0.001490 0.139865 0.999813 -0.015861 0.001724 0.010920
1509403116.322290 0.178078 -0.001443 0.141776 0.999840 -0.014379 -0.000092 0.010603
1509403116.355385 0.179988 -0.001472 0.143977 0.999856 -0.014017 -0.000335 0.009557
1509403116.388801 0.181955 -0.001668 0.146101 0.999868 -0.013568 -0.001361 0.008839
1509403116.422161 0.183669 -0.001660 0.148230 0.999887 -0.011921 -0.003310 0.008505
1509403116.455552 0.185239 -0.001558 0.150295 0.999909 -0.009739 -0.004224 0.008321
1509403116.488705 0.188068 -0.001540 0.153359 0.999921 -0.006663 -0.006446 0.008503
1509403116.522237 0.190365 -0.002110 0.154617 0.999915 -0.005098 -0.008411 0.008535
1509403116.555258 0.193154 -0.002541 0.156565 0.999888 -0.004744 -0.011018 0.008964
1509403116.588779 0.195414 -0.002585 0.159004 0.999883 -0.003784 -0.011741 0.009071
1509403116.621904 0.197610 -0.002769 0.161609 0.999847 -0.003038 -0.014549 0.009228
1509403116.655404 0.199322 -0.002923 0.163735 0.999809 -0.002854 -0.016728 0.009722
1509403116.688916 0.199248 -0.002944 0.163685 0.999810 -0.002861 -0.016683 0.009713
1509403116.722095 0.200529 -0.003122 0.165406 0.999792 -0.003479 -0.017518 0.009866
1509403116.755419 0.202739 -0.003369 0.167919 0.999760 -0.006494 -0.018506 0.009758
1509403116.789335 0.205885 -0.003635 0.170973 0.999653 -0.009809 -0.022036 0.010616
1509403116.821972 0.208093 -0.004108 0.172554 0.999555 -0.013718 -0.023896 0.011468
1509403116.855468 0.211294 -0.004427 0.175511 0.999465 -0.017346 -0.025182 0.011620
1509403116.888704 0.213033 -0.004695 0.177814 0.999372 -0.018404 -0.027751 0.012079
1509403116.922159 0.215308 -0.004786 0.180350 0.999305 -0.018814 -0.029782 0.012152
1509403116.955432 0.217119 -0.004771 0.182730 0.999309 -0.019366 -0.029713 0.011123
1509403116.988932 0.219122 -0.004775 0.185066 0.999235 -0.019259 -0.032233 0.010917
1509403117.022313 0.221087 -0.004753 0.187193 0.999154 -0.020298 -0.033945 0.011225
1509403117.055566 0.224230 -0.005039 0.189181 0.999143 -0.020068 -0.034307 0.011584
1509403117.088901 0.227248 -0.005374 0.192328 0.999089 -0.018708 -0.036433 0.012025
1509403117.122325 0.229040 -0.005425 0.194615 0.999077 -0.017582 -0.037423 0.011674
1509403117.155634 0.230703 -0.005278 0.196747 0.999079 -0.016364 -0.037989 0.011435
1509403117.188904 0.232998 -0.005219 0.199437 0.999006 -0.015303 -0.040129 0.011923
1509403117.222255 0.234029 -0.005612 0.201416 0.998984 -0.014932 -0.040573 0.012726
