1509403070.0045 0.330829173326 -0.239582806826 10.376824379
1509403070.0125 0.330829173326 -0.239582806826 10.376824379
1509403070.0205 -0.359632790089 0.515093326569 9.49974155426
1509403070.0325 -0.359632790089 0.515093326569 9.49974155426
1509403070.0358 0.15948818624 0.29767370224 9.71081066132
1509403070.0398 0.15948818624 0.29767370224 9.71081066132
1509403070.0478 0.15948818624 0.29767370224 9.71081066132
1509403070.0518 0.15948818624 0.29767370224 9.71081066132
1509403070.0598 -0.411331534386 0.157714888453 9.70930957794
1509403070.0678 -0.411331534386 0.157714888453 9.70930957794
1509403070.0718 -0.411331534386 0.157714888453 9.70930957794
1509403070.0838 -0.978641688824 0.724307715893 9.69742488861
1509403070.0918 -0.978641688824 0.724307715893 9.69742488861
1509403070.0958 -0.978641688824 0.724307715893 9.69742488861
1509403070.1038 -0.978641688824 0.724307715893 9.69742488861
1509403070.1118 0.289697796106 -0.320926636457 9.95925045013
1509403070.1158 0.289697796106 -0.320926636457 9.95925045013
1509403070.1238 0.289697796106 -0.320926636457 9.95925045013
1509403070.1318 -0.431061625481 0.510915696621 9.78651618958
1509403070.1366 -0.431061625481 0.510915696621 9.78651618958
1509403070.1406 -0.431061625481 0.510915696621 9.78651618958
1509403070.1486 -0.431061625481 0.510915696621 9.78651618958
1509403070.1526 -0.0953762233257 -0.0529522895813 10.1925601959
1509403070.1606 -0.0953762233257 -0.0529522895813 10.1925601959
1509403070.1686 -0.0953762233257 -0.0529522895813 10.1925601959
1509403070.1726 -0.0953762233257 -0.0529522895813 10.1925601959
1509403070.1766 -0.136248216033 0.681346535683 9.19231987
1509403070.1886 -0.136248216033 0.681346535683 9.19231987
1509403070.1926 -0.136248216033 0.681346535683 9.19231987
1509403070.2006 0.118103720248 0.329234033823 9.50318241119
1509403070.2046 0.118103720248 0.329234033823 9.50318241119
1509403070.2126 0.118103720248 0.329234033823 9.50318241119
1509403070.2206 -0.735589683056 0.273061484098 9.70009803772
1509403070.2286 -0.735589683056 0.273061484098 9.70009803772
1509403070.2326 -0.735589683056 0.273061484098 9.70009803772
1509403070.2396 -0.735589683056 0.273061484098 9.70009803772
1509403070.2476 -0.258563697338 0.506446421146 9.67268753052
1509403070.2516 -0.258563697338 0.506446421146 9.67268753052
1509403070.2556 -0.258563697338 0.506446421146 9.67268753052
1509403070.2636 -0.258563697338 0.506446421146 9.67268753052
1509403070.2716 0.273384571075 -0.306971073151 9.85748958588
1509403070.2756 0.273384571075 -0.306971073151 9.85748958588
1509403070.2876 0.273384571075 -0.306971073151 9.85748958588
1509403070.2916 -0.537141621113 1.17036223412 9.40600204468
1509403070.2956 -0.537141621113 1.17036223412 9.40600204468
1509403070.3036 -0.537141621113 1.17036223412 9.40600204468
1509403070.3116 -0.537141621113 1.17036223412 9.40600204468
1509403070.3196 0.117499664426 0.402135252953 9.6133146286
1509403070.3276 0.117499664426 0.402135252953 9.6133146286
1509403070.3316 0.117499664426 0.402135252953 9.6133146286
1509403070.3362 -0.324074774981 0.679873228073 9.64271259308
1509403070.3442 -0.324074774981 0.679873228073 9.64271259308
1509403070.3522 -0.324074774981 0.679873228073 9.64271259308
1509403070.3562 0.43489959836 0.573255419731 9.09013462067
1509403070.3642 0.43489959836 0.573255419731 9.09013462067
1509403070.3722 0.43489959836 0.573255419731 9.09013462067
1509403070.3802 -0.992342054844 0.284163177013 10.3379917145
1509403070.3882 -0.992342054844 0.284163177013 10.3379917145
1509403070.3962 -0.992342054844 0.284163177013 10.3379917145
1509403070.4002 -0.992342054844 0.284163177013 10.3379917145
1509403070.4042 -0.00822008680552 -0.102760769427 9.73923492432
1509403070.4122 -0.00822008680552 -0.102760769427 9.73923492432
1509403070.4202 -0.00822008680552 -0.102760769427 9.73923492432
1509403070.4282 -1.12414002419 0.772601366043 9.86896705627
1509403070.4322 -1.12414002419 0.772601366043 9.86896705627
1509403070.4362 -1.12414002419 0.772601366043 9.86896705627
1509403070.4432 -1.12414002419 0.772601366043 9.86896705627
1509403070.4512 0.0534291118383 -0.562492907047 9.98246574402
1509403070.4592 0.0534291118383 -0.562492907047 9.98246574402
1509403070.4672 -0.538454473019 -0.125558182597 10.0540542603
1509403070.4712 -0.538454473019 -0.125558182597 10.0540542603
1509403070.4792 -0.538454473019 -0.125558182597 10.0540542603
1509403070.4872 -0.287122547626 0.531045436859 9.70806884766
1509403070.4912 -0.287122547626 0.531045436859 9.70806884766
1509403070.4992 -0.287122547626 0.531045436859 9.70806884766
1509403070.5072 -0.287122547626 0.531045436859 9.70806884766
1509403070.5112 -0.74218249321 -0.22981710732 10.2924461365
1509403070.5152 -0.74218249321 -0.22981710732 10.2924461365
1509403070.5232 -0.74218249321 -0.22981710732 10.2924461365
1509403070.5392 -0.921153187752 0.22709235549 10.2978258133
1509403070.5472 -0.921153187752 0.22709235549 10.2978258133
1509403070.5552 -0.552968919277 0.65982323885 9.70533180237
1509403070.5632 -0.552968919277 0.65982323885 9.70533180237
1509403070.5672 -0.552968919277 0.65982323885 9.70533180237
1509403070.5752 -0.883622348309 0.3148047328 9.85800743103
1509403070.5792 -0.883622348309 0.3148047328 9.85800743103
1509403070.5872 -0.883622348309 0.3148047328 9.85800743103
1509403070.5912 -0.883622348309 0.3148047328 9.85800743103
1509403070.5992 0.218622848392 -0.527026891708 9.69676780701
1509403070.6032 0.218622848392 -0.527026891708 9.69676780701
1509403070.6122 0.218622848392 -0.527026891708 9.69676780701
1509403070.6162 0.218622848392 -0.527026891708 9.69676780701
1509403070.6202 -0.476723492146 -0.0240743886679 10.1342506409
1509403070.6282 -0.476723492146 -0.0240743886679 10.1342506409
1509403070.6330 -0.476723492146 -0.0240743886679 10.1342506409
1509403070.6370 -0.476723492146 -0.0240743886679 10.1342506409
1509403070.6450 -0.49256914854 0.959389209747 9.50855350494
1509403070.6530 -0.49256914854 0.959389209747 9.50855350494
1509403070.6570 -0.49256914854 0.959389209747 9.50855350494
1509403070.6660 -0.914267122746 -0.180343672633 10.3173904419
1509403070.6700 -0.914267122746 -0.180343672633 10.3173904419
1509403070.6740 -0.914267122746 -0.180343672633 10.3173904419
1509403070.6820 -0.914267122746 -0.180343672633 10.3173904419
1509403070.6980 -0.460600823164 0.573703765869 9.75343799591
1509403070.7060 -0.460600823164 0.573703765869 9.75343799591
1509403070.7100 -0.872156560421 0.265573561192 10.2660617828
1509403070.7180 -0.872156560421 0.265573561192 10.2660617828
1509403070.7220 -0.872156560421 0.265573561192 10.2660617828
1509403070.7300 -1.14675247669 0.435747772455 10.3372306824
1509403070.7380 -1.14675247669 0.435747772455 10.3372306824
1509403070.7420 -1.14675247669 0.435747772455 10.3372306824
1509403070.7500 -1.14675247669 0.435747772455 10.3372306824
1509403070.7540 -0.226532936096 0.656164050102 9.86402988434
1509403070.7620 -0.226532936096 0.656164050102 9.86402988434
1509403070.7700 -0.226532936096 0.656164050102 9.86402988434
1509403070.7780 -0.926169753075 0.849832296371 9.83718013763
1509403070.7820 -0.926169753075 0.849832296371 9.83718013763
1509403070.7900 -0.926169753075 0.849832296371 9.83718013763
1509403070.7980 -0.358516931534 -0.696496129036 10.1906375885
1509403070.8020 -0.358516931534 -0.696496129036 10.1906375885
1509403070.8100 -0.358516931534 -0.696496129036 10.1906375885
1509403070.8140 -0.358516931534 -0.696496129036 10.1906375885
1509403070.8220 -0.591618776321 -0.0287870857865 10.2915039062
1509403070.8300 -0.591618776321 -0.0287870857865 10.2915039062
1509403070.8377 -0.591618776321 -0.0287870857865 10.2915039062
1509403070.8457 -0.268672376871 0.725939631462 9.5318365097
1509403070.8497 -0.268672376871 0.725939631462 9.5318365097
1509403070.8577 -0.268672376871 0.725939631462 9.5318365097
1509403070.8617 -0.376173347235 -0.178342014551 10.5074005127
1509403070.8697 -0.376173347235 -0.178342014551 10.5074005127
1509403070.8737 -0.376173347235 -0.178342014551 10.5074005127
1509403070.8817 -0.995290696621 0.24938480556 10.0792942047
1509403070.8897 -0.995290696621 0.24938480556 10.0792942047
1509403070.8977 -0.995290696621 0.24938480556 10.0792942047
1509403070.9017 -0.995290696621 0.24938480556 10.0792942047
1509403070.9097 0.0935507714748 0.341073185205 9.95050811768
1509403070.9137 0.0935507714748 0.341073185205 9.95050811768
1509403070.9217 0.0935507714748 0.341073185205 9.95050811768
1509403070.9302 -0.980511188507 0.506558418274 9.75040721893
1509403070.9382 -0.980511188507 0.506558418274 9.75040721893
1509403070.9422 -0.980511188507 0.506558418274 9.75040721893
1509403070.9502 0.68925267458 -0.431743174791 9.95471668243
1509403070.9542 0.68925267458 -0.431743174791 9.95471668243
1509403070.9582 0.68925267458 -0.431743174791 9.95471668243
1509403070.9662 0.68925267458 -0.431743174791 9.95471668243
1509403070.9742 -0.0780727639794 -0.0843495056033 9.7887096405
1509403070.9782 -0.0780727639794 -0.0843495056033 9.7887096405
1509403070.9822 -0.0780727639794 -0.0843495056033 9.7887096405
1509403070.9942 0.249041378498 0.550992012024 9.95034599304
1509403071.0022 0.249041378498 0.550992012024 9.95034599304
1509403071.0102 0.249041378498 0.550992012024 9.95034599304
1509403071.0142 0.0958874970675 -0.235807925463 10.2700004578
1509403071.0222 0.0958874970675 -0.235807925463 10.2700004578
1509403071.0302 0.0958874970675 -0.235807925463 10.2700004578
1509403071.0342 0.0958874970675 -0.235807925463 10.2700004578
1509403071.0377 0.601496875286 0.593330264091 9.4311170578
1509403071.0457 0.601496875286 0.593330264091 9.4311170578
1509403071.0497 0.601496875286 0.593330264091 9.4311170578
1509403071.0577 0.568617939949 0.564981520176 9.70839977264
1509403071.0617 0.568617939949 0.564981520176 9.70839977264
1509403071.0697 0.568617939949 0.564981520176 9.70839977264
1509403071.0737 0.568617939949 0.564981520176 9.70839977264
1509403071.0817 -1.01898920536 0.576971769333 9.2887468338
1509403071.0897 -1.01898920536 0.576971769333 9.2887468338
1509403071.0937 -1.01898920536 0.576971769333 9.2887468338
1509403071.1057 -1.18771731853 0.514587640762 9.36585235596
1509403071.1137 -1.18771731853 0.514587640762 9.36585235596
1509403071.1217 -1.18771731853 0.514587640762 9.36585235596
1509403071.1297 -0.301719427109 0.0933289080858 10.2398557663
1509403071.1340 -0.301719427109 0.0933289080858 10.2398557663
1509403071.1420 -0.301719427109 0.0933289080858 10.2398557663
1509403071.1500 -0.301719427109 0.0933289080858 10.2398557663
1509403071.1540 -0.0362502895296 0.586316764355 9.60753154755
1509403071.1620 -0.0362502895296 0.586316764355 9.60753154755
1509403071.1700 -0.0362502895296 0.586316764355 9.60753154755
1509403071.1740 -0.331648111343 0.531184732914 10.2569150925
1509403071.1820 -0.331648111343 0.531184732914 10.2569150925
1509403071.1900 -0.331648111343 0.531184732914 10.2569150925
1509403071.1940 -0.331648111343 0.531184732914 10.2569150925
1509403071.2140 0.424639463425 -0.0458314605057 9.75615024567
1509403071.2180 0.424639463425 -0.0458314605057 9.75615024567
1509403071.2220 -0.0140192778781 0.0386185869575 9.70956897736
1509403071.2300 -0.0140192778781 0.0386185869575 9.70956897736
1509403071.2337 -0.0140192778781 0.0386185869575 9.70956897736
1509403071.2417 0.188308209181 -0.0951575487852 9.96773052216
1509403071.2497 0.188308209181 -0.0951575487852 9.96773052216
1509403071.2537 0.188308209181 -0.0951575487852 9.96773052216
1509403071.2577 0.188308209181 -0.0951575487852 9.96773052216
1509403071.2657 -0.674752771854 1.52863681316 9.26696205139
1509403071.2737 -0.674752771854 1.52863681316 9.26696205139
1509403071.2777 -0.674752771854 1.52863681316 9.26696205139
1509403071.2857 -0.674752771854 1.52863681316 9.26696205139
1509403071.2937 0.0967610552907 0.455985337496 9.57023048401
1509403071.2977 0.0967610552907 0.455985337496 9.57023048401
1509403071.3057 0.0967610552907 0.455985337496 9.57023048401
1509403071.3137 0.322872668505 -0.0944862812757 9.73661804199
1509403071.3217 0.322872668505 -0.0944862812757 9.73661804199
1509403071.3297 0.322872668505 -0.0944862812757 9.73661804199
1509403071.3339 0.322872668505 -0.0944862812757 9.73661804199
1509403071.3419 0.128773882985 1.1728490591 9.42719364166
1509403071.3499 0.128773882985 1.1728490591 9.42719364166
1509403071.3539 0.128773882985 1.1728490591 9.42719364166
1509403071.3619 0.779692769051 0.556931316853 8.97850990295
1509403071.3699 0.779692769051 0.556931316853 8.97850990295
1509403071.3739 0.779692769051 0.556931316853 8.97850990295
1509403071.3779 -0.475426018238 0.092646509409 9.69427585602
1509403071.3819 -0.475426018238 0.092646509409 9.69427585602
1509403071.3899 -0.475426018238 0.092646509409 9.69427585602
1509403071.3939 -0.475426018238 0.092646509409 9.69427585602
1509403071.4019 0.628264427185 0.485955566168 9.30023384094
1509403071.4099 0.628264427185 0.485955566168 9.30023384094
1509403071.4139 0.628264427185 0.485955566168 9.30023384094
1509403071.4179 0.628264427185 0.485955566168 9.30023384094
1509403071.4219 0.502584815025 0.0235538035631 9.56601428986
1509403071.4259 0.502584815025 0.0235538035631 9.56601428986
1509403071.4342 0.502584815025 0.0235538035631 9.56601428986
1509403071.4382 0.502584815025 0.0235538035631 9.56601428986
1509403071.4462 0.239599063993 0.590409040451 9.96925830841
1509403071.4542 0.239599063993 0.590409040451 9.96925830841
1509403071.4582 0.239599063993 0.590409040451 9.96925830841
1509403071.4662 0.512564599514 0.062345828861 9.77157115936
1509403071.4742 0.512564599514 0.062345828861 9.77157115936
1509403071.4782 0.512564599514 0.062345828861 9.77157115936
1509403071.4862 0.512564599514 0.062345828861 9.77157115936
1509403071.4942 -0.289118260145 1.03984832764 9.75560188293
1509403071.4982 -0.289118260145 1.03984832764 9.75560188293
1509403071.5062 -0.289118260145 1.03984832764 9.75560188293
1509403071.5142 -0.976426064968 0.222809582949 9.93366718292
1509403071.5182 -0.976426064968 0.222809582949 9.93366718292
1509403071.5262 -0.976426064968 0.222809582949 9.93366718292
1509403071.5343 -0.62105935812 0.940564990044 9.57101154327
1509403071.5423 -0.62105935812 0.940564990044 9.57101154327
1509403071.5503 -0.62105935812 0.940564990044 9.57101154327
1509403071.5543 -0.62105935812 0.940564990044 9.57101154327
1509403071.5623 -0.943912744522 -0.304591536522 10.3073749542
1509403071.5703 -0.943912744522 -0.304591536522 10.3073749542
1509403071.5783 -0.973227024078 0.517678022385 9.96688365936
1509403071.5823 -0.973227024078 0.517678022385 9.96688365936
1509403071.5903 -0.973227024078 0.517678022385 9.96688365936
1509403071.5943 -0.973227024078 0.517678022385 9.96688365936
1509403071.5983 0.267172276974 0.72102701664 9.25002670288
1509403071.6023 0.267172276974 0.72102701664 9.25002670288
1509403071.6183 0.267172276974 0.72102701664 9.25002670288
1509403071.6263 -1.14465045929 0.0759225934744 10.331237793
1509403071.6342 -1.14465045929 0.0759225934744 10.331237793
1509403071.6422 -1.14465045929 0.0759225934744 10.331237793
1509403071.6462 0.44906052947 -0.195995524526 9.54842758179
1509403071.6542 0.44906052947 -0.195995524526 9.54842758179
1509403071.6582 0.44906052947 -0.195995524526 9.54842758179
1509403071.6672 -0.692302823067 0.402512639761 9.91888809204
1509403071.6712 -0.692302823067 0.402512639761 9.91888809204
1509403071.6752 -0.692302823067 0.402512639761 9.91888809204
1509403071.6832 -0.692302823067 0.402512639761 9.91888809204
1509403071.6912 -0.436529129744 1.13707482815 9.85620212555
1509403071.6992 -0.436529129744 1.13707482815 9.85620212555
1509403071.7032 -0.436529129744 1.13707482815 9.85620212555
1509403071.7112 -0.79102909565 -0.0177702903748 10.1311264038
1509403071.7192 -0.79102909565 -0.0177702903748 10.1311264038
1509403071.7272 -0.79102909565 -0.0177702903748 10.1311264038
1509403071.7389 -0.674210488796 0.302084445953 10.0054321289
1509403071.7429 -0.674210488796 0.302084445953 10.0054321289
1509403071.7509 -0.674210488796 0.302084445953 10.0054321289
1509403071.7549 -0.674210488796 0.302084445953 10.0054321289
1509403071.7629 0.0494415126741 1.0704665184 9.10012626648
1509403071.7669 0.0494415126741 1.0704665184 9.10012626648
1509403071.7749 0.0494415126741 1.0704665184 9.10012626648
1509403071.7829 -1.25984990597 -0.185781881213 10.5871353149
1509403071.7909 -1.25984990597 -0.185781881213 10.5871353149
1509403071.7949 -1.25984990597 -0.185781881213 10.5871353149
1509403071.8029 -1.25984990597 -0.185781881213 10.5871353149
1509403071.8069 0.0756280422211 0.602426111698 9.42675018311
1509403071.8189 0.0756280422211 0.602426111698 9.42675018311
1509403071.8239 0.0756280422211 0.602426111698 9.42675018311
1509403071.8309 -0.33012765646 0.497850030661 9.40599155426
1509403071.8351 -0.33012765646 0.497850030661 9.40599155426
1509403071.8431 -0.33012765646 0.497850030661 9.40599155426
1509403071.8511 0.670487761497 0.0197898633778 9.61988449097
1509403071.8591 0.670487761497 0.0197898633778 9.61988449097
1509403071.8631 0.670487761497 0.0197898633778 9.61988449097
1509403071.8711 -0.456287443638 -0.378810822964 9.68467330933
1509403071.8751 -0.456287443638 -0.378810822964 9.68467330933
1509403071.8831 -0.456287443638 -0.378810822964 9.68467330933
1509403071.8911 -0.456287443638 -0.378810822964 9.68467330933
1509403071.8951 -0.966239392757 0.251166075468 10.0338764191
1509403071.9031 -0.966239392757 0.251166075468 10.0338764191
1509403071.9111 -0.966239392757 0.251166075468 10.0338764191
1509403071.9151 0.0205914601684 -0.33276823163 9.96329784393
1509403071.9281 0.0205914601684 -0.33276823163 9.96329784393
1509403071.9311 0.0205914601684 -0.33276823163 9.96329784393
1509403071.9382 0.384244054556 0.933593869209 9.07898902893
1509403071.9422 0.384244054556 0.933593869209 9.07898902893
1509403071.9542 0.384244054556 0.933593869209 9.07898902893
1509403071.9622 0.439635187387 0.583223342896 9.27903270721
1509403071.9662 0.439635187387 0.583223342896 9.27903270721
1509403071.9742 0.439635187387 0.583223342896 9.27903270721
1509403071.9822 0.439635187387 0.583223342896 9.27903270721
1509403071.9862 -0.0848920047283 0.351762324572 9.57544708252
1509403071.9912 -0.0848920047283 0.351762324572 9.57544708252
1509403071.9982 -0.0848920047283 0.351762324572 9.57544708252
