1509403070.0045 -0.0567943453789 -0.075968503952 -0.0150718837976
1509403070.0125 -0.050765492022 -0.0784279406071 -0.0144313117489
1509403070.0205 -0.039540886879 -0.0860524848104 -0.0180926416069
1509403070.0325 -0.0313421599567 -0.100513674319 -0.0135607160628
1509403070.0358 -0.0315153338015 -0.104288905859 -0.014324368909
1509403070.0398 -0.0278293564916 -0.106276698411 -0.0176794342697
1509403070.0478 -0.0128418179229 -0.10633033514 -0.0198188088834
1509403070.0518 -0.00639888877049 -0.105608038604 -0.0163075588644
1509403070.0598 0.00155306374654 -0.1036169976 -0.013884505257
1509403070.0678 0.00403505284339 -0.102260641754 -0.0178910177201
1509403070.0718 0.00334620359354 -0.101876348257 -0.0162869635969
1509403070.0838 0.00876444112509 -0.0923399478197 -0.0120477145538
1509403070.0918 0.0118775311857 -0.0856790915132 -0.0171232763678
1509403070.0958 0.0136033184826 -0.0824430584908 -0.020419023931
1509403070.1038 0.0109277209267 -0.0762186124921 -0.0178754497319
1509403070.1118 0.00264853145927 -0.0717054903507 -0.0144782327116
1509403070.1158 0.0014157689875 -0.066969037056 -0.0156579371542
1509403070.1238 0.00400155689567 -0.0549681670964 -0.0193772353232
1509403070.1318 0.0039794947952 -0.0468482971191 -0.018106026575
1509403070.1366 0.00177244970109 -0.043705035001 -0.0178566724062
1509403070.1406 -0.00281445705332 -0.0409787595272 -0.0200497489423
1509403070.1486 -0.0128720216453 -0.0350567027926 -0.0223459694535
1509403070.1526 -0.0148396780714 -0.0317945182323 -0.0222371704876
1509403070.1606 -0.0158425234258 -0.0248904619366 -0.0177110042423
1509403070.1686 -0.0232074074447 -0.0213961396366 -0.0188990607858
1509403070.1726 -0.0280114989728 -0.0206893198192 -0.0216428954154
1509403070.1766 -0.0329781919718 -0.0199039373547 -0.0228329431266
1509403070.1886 -0.0439167618752 -0.0174059346318 -0.017359836027
1509403070.1926 -0.0427131801844 -0.0174087136984 -0.016792383045
1509403070.2006 -0.0383017025888 -0.0172798614949 -0.0185343697667
1509403070.2046 -0.0358791612089 -0.0173836853355 -0.0177847333252
1509403070.2126 -0.0346780344844 -0.0208411738276 -0.0145757421851
1509403070.2206 -0.0341636054218 -0.0290886089206 -0.015708329156
1509403070.2286 -0.0240797083825 -0.0363875031471 -0.0164927467704
1509403070.2326 -0.0180391222239 -0.0373701304197 -0.0140470480546
1509403070.2396 -0.0134349456057 -0.0411322116852 -0.00968537479639
1509403070.2476 -0.00948572810739 -0.0474252998829 -0.0147719178349
1509403070.2516 -0.00788301695138 -0.0488204210997 -0.0163056515157
1509403070.2556 -0.00628109881654 -0.0496121346951 -0.0156959071755
1509403070.2636 -0.000362324411981 -0.0511147789657 -0.0112820947543
1509403070.2716 0.00348712853156 -0.0514870882034 -0.00992124713957
1509403070.2756 0.00440402980894 -0.0506765246391 -0.0121771963313
1509403070.2876 0.00273191300221 -0.0460678748786 -0.00724279042333
1509403070.2916 0.00231069629081 -0.0459567122161 -0.00610355334356
1509403070.2956 0.00267996825278 -0.0464106723666 -0.00692295935005
1509403070.3036 0.00165713950992 -0.0438811667264 -0.00846435874701
1509403070.3116 -0.00456288224086 -0.0391030274332 -0.0074254674837
1509403070.3196 -0.0156133826822 -0.0353119857609 -0.0101649910212
1509403070.3276 -0.0210092905909 -0.02968185395 -0.0134176257998
1509403070.3316 -0.023633858189 -0.0261091720313 -0.0126965371892
1509403070.3362 -0.0271962117404 -0.0234909430146 -0.00954025052488
1509403070.3442 -0.035239815712 -0.0235236044973 -0.00736540835351
1509403070.3522 -0.0398501753807 -0.0231194775552 -0.00940018333495
1509403070.3562 -0.0426323674619 -0.0217080488801 -0.00995840132236
1509403070.3642 -0.0456187538803 -0.0196794699878 -0.00702860672027
1509403070.3722 -0.0445830114186 -0.0259009860456 -0.00758537231013
1509403070.3802 -0.0420429259539 -0.0288037471473 -0.00935135036707
1509403070.3882 -0.037379398942 -0.023743391037 -0.00587586546317
1509403070.3962 -0.0320115536451 -0.0244724396616 -0.00376670085825
1509403070.4002 -0.0270717665553 -0.0276482719928 -0.00452431337908
1509403070.4042 -0.0211710296571 -0.0303053539246 -0.00546690123156
1509403070.4122 -0.0106673184782 -0.0285500399768 -0.00431777909398
1509403070.4202 -0.00699595734477 -0.0225968006998 -0.00138152902946
1509403070.4282 -0.00238793902099 -0.0232373848557 -0.00407043611631
1509403070.4322 -0.000434563757153 -0.0250834152102 -0.00359389255755
1509403070.4362 0.00148298195563 -0.024476762861 -0.0027679996565
1509403070.4432 0.00796090625226 -0.0162662863731 -0.000780155474786
1509403070.4512 0.0166380722076 -0.00783381611109 -0.00333216274157
1509403070.4592 0.0231980718672 -0.00107956840657 -0.00402144622058
1509403070.4672 0.0250618457794 0.0035374162253 -0.00236372859217
1509403070.4712 0.0235712304711 0.00617642840371 -0.00245378352702
1509403070.4792 0.0275384858251 0.0139866471291 -0.00632768636569
1509403070.4872 0.0296956934035 0.0204422771931 -0.00722960103303
1509403070.4912 0.027656359598 0.0234514847398 -0.00626070657745
1509403070.4992 0.0221508871764 0.0291971229017 -0.00732622761279
1509403070.5072 0.0122752301395 0.0273369867355 -0.00954336486757
1509403070.5112 0.00714371772483 0.0250471588224 -0.00988969951868
1509403070.5152 0.00420448137447 0.0241235736758 -0.0087034702301
1509403070.5232 -0.00232241232879 0.0262445621192 -0.0100732836872
1509403070.5392 -0.0199373420328 0.0279195271432 -0.0109963174909
1509403070.5472 -0.0239802114666 0.0160474218428 -0.00861706677824
1509403070.5552 -0.0197667758912 0.0105000557378 -0.0120004629716
1509403070.5632 -0.0170066654682 0.007556356024 -0.00970412418246
1509403070.5672 -0.0154024977237 0.00490364059806 -0.00777882477269
1509403070.5752 -0.0136176366359 -0.00378531473689 -0.00878131203353
1509403070.5792 -0.0120029188693 -0.00853390339762 -0.0104493461549
1509403070.5872 -0.0048826332204 -0.0125138089061 -0.0097664007917
1509403070.5912 0.000419628515374 -0.0129337748513 -0.00788140110672
1509403070.5992 0.00707529066131 -0.0157900080085 -0.0067701805383
1509403070.6032 0.00923000555485 -0.0173591356725 -0.00722769927233
1509403070.6122 0.0113471634686 -0.0180984251201 -0.00894039589912
1509403070.6162 0.011571100913 -0.0189023893327 -0.00702754314989
1509403070.6202 0.0135156437755 -0.0196995101869 -0.00505487248302
1509403070.6282 0.0148127982393 -0.0199755094945 -0.00650910986587
1509403070.6330 0.0129908807576 -0.0198710802943 -0.00695503735915
1509403070.6370 0.0116596762091 -0.0201329383999 -0.00915207155049
1509403070.6450 0.0149255674332 -0.0198745504022 -0.0129730002955
1509403070.6530 0.0177773591131 -0.014237225987 -0.0114617133513
1509403070.6570 0.0178708378226 -0.0117602236569 -0.00834403187037
1509403070.6660 0.015935735777 -0.0107974242419 -0.00934492982924
1509403070.6700 0.0141754737124 -0.0108397938311 -0.0103347273543
1509403070.6740 0.0129126235843 -0.010917945765 -0.00937131792307
1509403070.6820 0.0109280226752 -0.0117590520531 -0.00649497332051
1509403070.6980 0.00229729525745 -0.0135955912992 -0.00539455329999
1509403070.7060 -0.00383305642754 -0.0136927161366 -0.00262458110228
1509403070.7100 -0.00655538961291 -0.0140727320686 -0.00101885257754
1509403070.7180 -0.0100285932422 -0.0177477747202 -0.00127310398966
1509403070.7220 -0.00692176166922 -0.0201968885958 -0.0040110074915
1509403070.7300 0.00149001728278 -0.0262389369309 -0.00652455538511
1509403070.7380 0.00617458065972 -0.0312702842057 0.000465464952867
1509403070.7420 0.00869134441018 -0.0342630371451 0.00091880367836
1509403070.7500 0.0117933545262 -0.0423026941717 -0.00236183218658
1509403070.7540 0.0151897910982 -0.0449605546892 -0.00307414680719
1509403070.7620 0.0217908732593 -0.0466731190681 -0.0014879447408
1509403070.7700 0.0256432443857 -0.0519457906485 0.00391085119918
1509403070.7780 0.0323696695268 -0.0568796508014 0.0014333750587
1509403070.7820 0.0350300855935 -0.0568252801895 0.00256491056643
1509403070.7900 0.0382838398218 -0.053816087544 0.00466591399163
1509403070.7980 0.0380487293005 -0.0502514615655 0.004741279874
1509403070.8020 0.0380115024745 -0.0467905811965 0.0034552430734
1509403070.8100 0.0401885956526 -0.0365313962102 0.00179220968857
1509403070.8140 0.0427754372358 -0.0316370539367 0.00235621072352
1509403070.8220 0.0452373735607 -0.0228135511279 0.0030365800485
1509403070.8300 0.0426168888807 -0.0122669208795 -0.00238847266883
1509403070.8377 0.0413003452122 0.000748969381675 -0.00420290185139
1509403070.8457 0.0337423086166 0.0104491487145 0.00152204197366
1509403070.8497 0.0284116268158 0.0141913946718 0.00351422280073
1509403070.8577 0.0196473188698 0.0191900301725 0.000618511927314
1509403070.8617 0.0149244945496 0.0222584418952 -0.00166452955455
1509403070.8697 0.00272316602059 0.0315407142043 -0.00203957408667
1509403070.8737 -0.00639188010246 0.035067550838 -0.00168551725801
1509403070.8817 -0.0244051143527 0.036085292697 -0.0020796013996
1509403070.8897 -0.0338444262743 0.035814717412 -0.00526185939088
1509403070.8977 -0.0407920852304 0.0414120294154 0.000697630341165
1509403070.9017 -0.039907399565 0.0443597920239 0.000644530984573
1509403070.9097 -0.0399047285318 0.0473791211843 -0.00609781779349
1509403070.9137 -0.0415725857019 0.0474309064448 -0.00760831218213
1509403070.9217 -0.0412288941443 0.0445657297969 -0.00441731279716
1509403070.9302 -0.0376554876566 0.0412237495184 -0.000567022012547
1509403070.9382 -0.0294794086367 0.041096650064 -0.00612872140482
1509403070.9422 -0.0242190156132 0.043278619647 -0.00828605517745
1509403070.9502 -0.0198190398514 0.0443092547357 -0.00896539911628
1509403070.9542 -0.0208496414125 0.0409978330135 -0.00785465352237
1509403070.9582 -0.021839780733 0.0361684076488 -0.00920395087451
1509403070.9662 -0.018393304199 0.0333124101162 -0.011553350836
1509403070.9742 -0.0126410825178 0.0425699539483 -0.0105022201315
1509403070.9782 -0.0128551954404 0.0452464483678 -0.0117362309247
1509403070.9822 -0.0137475216761 0.0455859638751 -0.0150106903166
1509403070.9942 -0.0192642714828 0.0444951169193 -0.0189497713
1509403071.0022 -0.0220870170742 0.0450254231691 -0.0134324487299
1509403071.0102 -0.0174506921321 0.0426504462957 -0.0182799268514
1509403071.0142 -0.0171920415014 0.0413107946515 -0.0222899708897
1509403071.0222 -0.0186793357134 0.0419473424554 -0.0248944852501
1509403071.0302 -0.025889147073 0.039034485817 -0.0248376019299
1509403071.0342 -0.0303470399231 0.0339108370245 -0.0252150371671
1509403071.0377 -0.032184638083 0.0288680903614 -0.0248598605394
1509403071.0457 -0.0285675693303 0.025857148692 -0.0234381258488
1509403071.0497 -0.027568988502 0.0244428925216 -0.0235911272466
1509403071.0577 -0.0234419610351 0.0182193163782 -0.0272848960012
1509403071.0617 -0.0234460532665 0.0140617918223 -0.030030798167
1509403071.0697 -0.0269647538662 0.0049931681715 -0.0258947852999
1509403071.0737 -0.0259435884655 0.00123507576063 -0.0232871249318
1509403071.0817 -0.0189223568887 -0.00706491852179 -0.0262218043208
1509403071.0897 -0.0110764345154 -0.0119491461664 -0.0298739820719
1509403071.0937 -0.0076710046269 -0.0114655410871 -0.0280717201531
1509403071.1057 -0.010405481793 -0.0131589043885 -0.0295078232884
1509403071.1137 -0.00448331376538 -0.0186258833855 -0.0335728377104
1509403071.1217 0.00820528529584 -0.0187907554209 -0.0292473193258
1509403071.1297 0.0147888641804 -0.0183897744864 -0.0273583028466
1509403071.1340 0.017359085381 -0.0198467355222 -0.0310823190957
1509403071.1420 0.0188244450837 -0.0245258137584 -0.0367473550141
1509403071.1500 0.0168667659163 -0.0249574705958 -0.034263394773
1509403071.1540 0.0154618164524 -0.0238128136843 -0.0318739637733
1509403071.1620 0.0179828498513 -0.0201703682542 -0.0307169407606
1509403071.1700 0.0219903066754 -0.0136991869658 -0.0328294038773
1509403071.1740 0.0207442417741 -0.0115088196471 -0.0331734530628
1509403071.1820 0.0130237303674 -0.0106173660606 -0.0349084064364
1509403071.1900 0.00518346531317 -0.00865248218179 -0.0373474285007
1509403071.1940 0.00550080742687 -0.00525037525222 -0.0383661799133
1509403071.2140 0.00691713299602 -6.27220142633e-05 -0.0370132513344
1509403071.2180 0.00378798600286 -0.00159279839136 -0.0390297546983
1509403071.2220 0.00224784435704 -0.00212327227928 -0.0407230556011
1509403071.2300 0.00521253654733 -0.00244504539296 -0.036726873368
1509403071.2337 0.0100421309471 -0.0038575688377 -0.0334419831634
1509403071.2417 0.0181868392974 -0.00834546796978 -0.0344893820584
1509403071.2497 0.0246856436133 -0.0116334687918 -0.0373807027936
1509403071.2537 0.0265724286437 -0.0122444201261 -0.036535102874
1509403071.2577 0.0257955696434 -0.0131197869778 -0.0341453664005
1509403071.2657 0.0290225651115 -0.0166807305068 -0.0308395829052
1509403071.2737 0.0393968261778 -0.0182751454413 -0.0332667306066
1509403071.2777 0.0440903753042 -0.0166777130216 -0.0334337614477
1509403071.2857 0.0504698492587 -0.0121079580858 -0.0286377035081
1509403071.2937 0.0498975366354 -0.0176030620933 -0.0267879478633
1509403071.2977 0.0497796721756 -0.0239487253129 -0.0289807729423
1509403071.3057 0.0596711821854 -0.0292105283588 -0.0323915183544
1509403071.3137 0.0663027837873 -0.0240415595472 -0.0292881466448
1509403071.3217 0.0614536106586 -0.0220303200185 -0.0246518645436
1509403071.3297 0.0469494462013 -0.0296604130417 -0.030657377094
1509403071.3339 0.0425868853927 -0.0333420336246 -0.0324894227087
1509403071.3419 0.0389399118721 -0.0338473133743 -0.0288480762392
1509403071.3499 0.0265622641891 -0.0324153825641 -0.0236654542387
1509403071.3539 0.0205116327852 -0.0344708897173 -0.0229384936392
1509403071.3619 0.00800154265016 -0.0427209250629 -0.02152280882
1509403071.3699 0.00188143900596 -0.0411370992661 -0.0164344348013
1509403071.3739 0.00202836375684 -0.0388134419918 -0.0135045479983
1509403071.3779 0.00131052720826 -0.0389680191875 -0.0132683413103
1509403071.3819 0.00135392928496 -0.0410452932119 -0.0127955200151
1509403071.3899 0.00107273075264 -0.0491162203252 -0.0108300875872
1509403071.3939 0.000419780553784 -0.0529126226902 -0.00829535908997
1509403071.4019 0.00230796867982 -0.0555888153613 -0.00613026181236
1509403071.4099 0.0122769968584 -0.0533316135406 -0.00827388372272
1509403071.4139 0.017091717571 -0.0513133704662 -0.00930636189878
1509403071.4179 0.0206859912723 -0.0495203062892 -0.00948972348124
1509403071.4219 0.0214550811797 -0.0487421900034 -0.00839661248028
1509403071.4259 0.0204613879323 -0.0484215952456 -0.00595140550286
1509403071.4342 0.0191455893219 -0.0481240898371 -0.00351815042086
1509403071.4382 0.0194755904377 -0.0488351657987 -0.00370132643729
1509403071.4462 0.0234774742275 -0.0469256341457 -0.00440100207925
1509403071.4542 0.0235062912107 -0.0407229289412 -0.00503241363913
1509403071.4582 0.020536987111 -0.0359514392912 -0.00413478026167
1509403071.4662 0.0137331858277 -0.0263851825148 -0.00307762110606
1509403071.4742 0.00518169859424 -0.021771626547 -0.00132511195261
1509403071.4782 0.00322171789594 -0.020060364157 0.000858453393448
1509403071.4862 0.00557361030951 -0.0134373242036 -0.00051440030802
1509403071.4942 0.00117975729518 -0.00440572015941 -0.000352689414285
1509403071.4982 -0.00113517872524 -0.00135773047805 -0.000397592666559
1509403071.5062 -0.00544420210645 -0.00108672515489 -0.000727875391021
1509403071.5142 -0.00998630467802 -0.00189121463336 0.00355585897341
1509403071.5182 -0.0107640819624 0.00119708641432 0.00374912773259
1509403071.5262 -0.0110675757751 0.00896073319018 0.00325868045911
1509403071.5343 -0.00925184134394 0.0138754574582 0.00111711805221
1509403071.5423 -0.0121149411425 0.0165256690234 0.00517788901925
1509403071.5503 -0.0130014987662 0.0144675476477 0.00455770175904
1509403071.5543 -0.0126738091931 0.0146642522886 0.00323435524479
1509403071.5623 -0.0094783063978 0.0198740661144 0.00188070628792
1509403071.5703 -0.00798763055354 0.0275142174214 0.00401749601588
1509403071.5783 -0.0141724580899 0.0305597148836 0.00432918034494
1509403071.5823 -0.0187982525676 0.0299352165312 0.0032000336796
1509403071.5903 -0.0242139603943 0.0297991149127 0.00267647090368
1509403071.5943 -0.0261768642813 0.0320454016328 0.00227617146447
1509403071.5983 -0.0276303365827 0.0351169705391 0.00278596393764
1509403071.6023 -0.0300929993391 0.0370344743133 0.00259650824592
1509403071.6183 -0.0412086583674 0.0422642044723 -0.00020878831856
1509403071.6263 -0.0432175062597 0.0462293252349 0.00287999399006
1509403071.6342 -0.0387396663427 0.0509667471051 0.00343781569973
1509403071.6422 -0.030677953735 0.0587048977613 0.00130506185815
1509403071.6462 -0.0257408283651 0.0616969689727 0.000815634499304
1509403071.6542 -0.0204781331122 0.0666649267077 0.00169820617884
1509403071.6582 -0.019450943917 0.0681522488594 0.00260703405365
1509403071.6672 -0.014947289601 0.0695520266891 0.000401268771384
1509403071.6712 -0.012196094729 0.0718668028712 0.000759835063945
1509403071.6752 -0.0102066211402 0.0752544701099 0.00286202179268
1509403071.6832 -0.00525070726871 0.0794112160802 0.000473902851809
1509403071.6912 0.00177446077578 0.0812441259623 0.00134326633997
1509403071.6992 0.0108048068359 0.0839301645756 0.00589714944363
1509403071.7032 0.014691023156 0.0850932970643 0.00593153899536
1509403071.7112 0.0194654744118 0.088887706399 0.00239443569444
1509403071.7192 0.0165951438248 0.0918241888285 0.00254206359386
1509403071.7272 0.00991821009666 0.0875670835376 0.00424156710505
1509403071.7389 0.0143762379885 0.0905394032598 0.00211924687028
1509403071.7429 0.0136497728527 0.0913378298283 0.0049708886072
1509403071.7509 0.00769171537831 0.0898260474205 0.00921551603824
1509403071.7549 0.00287305074744 0.0881031453609 0.00674446905032
1509403071.7629 -0.00484880013391 0.0862662047148 0.00229733949527
1509403071.7669 -0.00365784508176 0.0875158384442 0.00317465374246
1509403071.7749 -0.000589068164118 0.0880130305886 0.0088629713282
1509403071.7829 -0.00569476326928 0.0836031734943 0.0102993175387
1509403071.7909 -0.0132947675884 0.0791891366243 0.0104983495548
1509403071.7949 -0.0137800592929 0.0773090496659 0.0118187749758
1509403071.8029 -0.00977844465524 0.0706233978271 0.0160845238715
1509403071.8069 -0.00469106109813 0.0669649839401 0.0158757437021
1509403071.8189 0.00976002588868 0.0604676119983 0.0183251779526
1509403071.8239 0.0114888502285 0.0563307590783 0.0216107722372
1509403071.8309 0.0131101207808 0.042503554374 0.0232598241419
1509403071.8351 0.0169149711728 0.0364089794457 0.0201433133334
1509403071.8431 0.0337013527751 0.0341958999634 0.0157897043973
1509403071.8511 0.0461121760309 0.0356647148728 0.0193734746426
1509403071.8591 0.0435282066464 0.0256989132613 0.0203486643732
1509403071.8631 0.0419698022306 0.0207348465919 0.0193443335593
1509403071.8711 0.0395453944802 0.018244381994 0.0184801369905
1509403071.8751 0.0387510880828 0.0182174928486 0.0201225187629
1509403071.8831 0.0428655073047 0.0203695036471 0.019103448838
1509403071.8911 0.0411103628576 0.0231399051845 0.016075944528
1509403071.8951 0.0367986038327 0.0221030674875 0.0164286568761
1509403071.9031 0.0278392154723 0.01612078771 0.0219634715468
1509403071.9111 0.0239223372191 0.0162623245269 0.0189046151936
1509403071.9151 0.0247339662164 0.0208458825946 0.0147479567677
1509403071.9281 0.0175918266177 0.0364512056112 0.0161371342838
1509403071.9311 0.00839712098241 0.0349042713642 0.0181381274015
1509403071.9382 -0.00946220383048 0.0226522833109 0.0178810767829
1509403071.9422 -0.012868154794 0.0192649867386 0.0151770878583
1509403071.9542 -0.0119414096698 0.0303271468729 0.0171864423901
1509403071.9622 -0.0125407269225 0.0354666151106 0.0184351168573
1509403071.9662 -0.0156153859571 0.0342617630959 0.0177325997502
1509403071.9742 -0.0238623991609 0.0290147550404 0.0196413528174
1509403071.9822 -0.0225565098226 0.0282421000302 0.0213367156684
1509403071.9862 -0.0198684893548 0.0289531722665 0.0216110646725
1509403071.9912 -0.0159365311265 0.0305435322225 0.0204148050398
1509403071.9982 -0.00972232036293 0.0341277271509 0.0200522691011
