1509403070.022283 0.007465 -0.066391 0.164268 0.998179 -0.040746 -0.044427 0.002041
1509403070.055567 0.007607 -0.066156 0.164274 0.998256 -0.039146 -0.044186 0.000816
1509403070.089103 0.007873 -0.066068 0.163801 0.998305 -0.037701 -0.044327 0.000214
1509403070.122680 0.008157 -0.065964 0.163408 0.998389 -0.035795 -0.044026 0.000193
1509403070.155622 0.008400 -0.066123 0.162235 0.998463 -0.034947 -0.043017 0.000317
1509403070.189278 0.008627 -0.065944 0.162091 0.998462 -0.033774 -0.043957 0.000428
1509403070.222331 0.008808 -0.065809 0.162071 0.998515 -0.033352 -0.043084 -0.000076
1509403070.255329 0.009016 -0.065765 0.161953 0.998551 -0.032913 -0.042560 -0.000880
1509403070.289150 0.009337 -0.065669 0.161474 0.998545 -0.032023 -0.043372 -0.001196
1509403070.322310 0.009959 -0.064154 0.166267 0.998658 -0.030827 -0.041618 0.000159
1509403070.355459 0.009959 -0.064153 0.166268 0.998658 -0.030827 -0.041618 0.000159
1509403070.388661 0.010429 -0.064061 0.165423 0.998671 -0.029781 -0.042063 0.000103
1509403070.422101 0.010431 -0.064033 0.165429 0.998671 -0.029773 -0.042060 0.000103
1509403070.456145 0.010667 -0.064058 0.165024 0.998717 -0.029216 -0.041358 -0.000871
1509403070.488701 0.010950 -0.063993 0.164718 0.998694 -0.028638 -0.042286 -0.001237
1509403070.522144 0.011475 -0.063988 0.163899 0.998730 -0.028304 -0.041669 -0.000805
1509403070.555538 0.011481 -0.063980 0.163864 0.998730 -0.028297 -0.041671 -0.000809
1509403070.588920 0.011697 -0.063951 0.163371 0.998712 -0.029120 -0.041543 -0.000322
1509403070.622210 0.011938 -0.063872 0.163130 0.998722 -0.029515 -0.041028 -0.000763
1509403070.655319 0.012198 -0.063925 0.162492 0.998701 -0.029590 -0.041467 -0.001014
1509403070.688925 0.012515 -0.063827 0.162403 0.998729 -0.029122 -0.041125 -0.001105
1509403070.722182 0.012799 -0.063784 0.161952 0.998746 -0.028572 -0.041110 -0.000722
1509403070.755458 0.013042 -0.063813 0.161456 0.998737 -0.028931 -0.041073 -0.000294
1509403070.788768 0.013299 -0.063780 0.161070 0.998757 -0.028492 -0.040905 -0.000363
1509403070.822208 0.013531 -0.063767 0.160639 0.998776 -0.027862 -0.040876 -0.000334
1509403070.855627 0.013828 -0.063892 0.159861 0.998797 -0.027298 -0.040742 0.000214
1509403070.889069 0.014170 -0.063931 0.159368 0.998815 -0.026133 -0.041045 0.000842
1509403070.922342 0.014463 -0.064030 0.158747 0.998805 -0.026094 -0.041297 0.001639
1509403070.955576 0.014840 -0.064299 0.157551 0.998785 -0.027311 -0.040994 0.001567
1509403070.988890 0.014886 -0.062650 0.163311 0.998826 -0.027629 -0.039771 0.000885
1509403071.022278 0.015115 -0.062672 0.163185 0.998794 -0.028478 -0.039992 0.000428
1509403071.055592 0.015420 -0.062694 0.162866 0.998796 -0.028463 -0.039943 0.000045
1509403071.088916 0.015803 -0.062793 0.162173 0.998783 -0.028910 -0.039949 -0.000230
1509403071.122312 0.016065 -0.062824 0.161701 0.998787 -0.029442 -0.039466 -0.000620
1509403071.155551 0.016421 -0.062892 0.161348 0.998813 -0.029507 -0.038753 -0.001045
1509403071.188937 0.016634 -0.062980 0.161005 0.998817 -0.029490 -0.038644 -0.000945
1509403071.222472 0.016958 -0.062948 0.160722 0.998869 -0.028975 -0.037685 -0.000901
1509403071.255641 0.017307 -0.063057 0.160078 0.998880 -0.028758 -0.037562 -0.000714
1509403071.288886 0.017541 -0.063069 0.159875 0.998908 -0.028675 -0.036890 -0.000463
1509403071.322522 0.017890 -0.063189 0.159452 0.998950 -0.028505 -0.035862 -0.000367
1509403071.355313 0.018158 -0.063271 0.159052 0.998976 -0.027906 -0.035598 0.000570
1509403071.388925 0.018409 -0.063385 0.158594 0.998992 -0.027788 -0.035213 0.001656
1509403071.422153 0.018720 -0.063552 0.158105 0.999034 -0.027072 -0.034569 0.001933
1509403071.455451 0.018953 -0.063714 0.157762 0.999070 -0.026042 -0.034325 0.001665
1509403071.488765 0.019269 -0.063825 0.157224 0.999087 -0.025651 -0.034087 0.002071
1509403071.522243 0.019566 -0.064006 0.156671 0.999112 -0.025303 -0.033611 0.002360
1509403071.555550 0.019862 -0.064149 0.156319 0.999116 -0.024831 -0.033852 0.002343
1509403071.588665 0.020196 -0.064303 0.155691 0.999086 -0.024960 -0.034629 0.002451
1509403071.622105 0.020190 -0.064317 0.155712 0.999085 -0.024966 -0.034627 0.002446
1509403071.655650 0.020154 -0.064355 0.158718 0.999073 -0.025846 -0.034373 0.002074
1509403071.688797 0.020452 -0.064361 0.158346 0.999070 -0.026299 -0.034148 0.001130
1509403071.722070 0.020753 -0.064519 0.157900 0.999039 -0.027230 -0.034356 0.000428
1509403071.755578 0.021106 -0.064634 0.157378 0.998999 -0.028381 -0.034581 0.000272
1509403071.788694 0.021386 -0.064760 0.156948 0.998967 -0.029882 -0.034238 0.000251
1509403071.822112 0.021677 -0.064839 0.156456 0.998902 -0.031526 -0.034645 0.000765
1509403071.855492 0.021990 -0.064957 0.156172 0.998859 -0.032923 -0.034581 0.000425
1509403071.888759 0.022233 -0.065130 0.155673 0.998820 -0.034192 -0.034480 0.000157
1509403071.922356 0.022554 -0.065180 0.155240 0.998775 -0.035278 -0.034674 0.000845
1509403071.955487 0.022851 -0.065308 0.154838 0.998777 -0.035269 -0.034617 0.001421
1509403071.988917 0.023235 -0.065377 0.154537 0.998718 -0.035629 -0.035895 0.002261
